Webots Project File version R2020a
perspectives: 000000ff00000000fd000000030000000000000320000003fcfc0100000002fb0000001e00480074006d006c0052006f0062006f007400570069006e0064006f00770000000000000003200000000000000000fb0000001a0044006f00630075006d0065006e0074006100740069006f006e0000000000ffffffff0000006900ffffff000000010000018400000331fc0200000001fb0000001400540065007800740045006400690074006f00720100000015000003310000008700ffffff0000000300000781000000c9fc0100000001fb0000000e0043006f006e0073006f006c00650100000000000007810000006900ffffff000005fb0000033100000001000000020000000100000008fc00000000
simulationViewPerspectives: 000000ff00000001000000020000018c000002d30100000002010000000100
sceneTreePerspectives: 000000ff0000000100000002000000c0000000fc0100000002010000000200
maximizedDockId: -1
centralWidgetVisible: 1
selectionDisabled: 0
viewpointLocked: 0
orthographicViewHeight: 1
textFiles: 0 "controllers/Assignment_2_controller/Assignment_2_controller.py" "controllers/task_4/task_4.py"
renderingDevicePerspectives: robot:camera;1;3.125;0;0
renderingDevicePerspectives: robot:camera_back;1;1.84375;0.742489;0
